gamma: 0.900000
decay_rate: 0.000001
batch_size: 7
learning_rate: 0.010000
