gamma: 0.800000
decay_rate: 0.200000
batch_size: 7
learning_rate: 0.010000
